N_A <- 17
varpi <-
structure(c(-0.02062163919363438, 0.7983492239429691, 0.875202967401643, 0.7584801242153235, 0.39648292692904447, 0.18654375538336554, -0.8265549830463083, -0.959785204860123, -0.9574453276262703, -0.7127997795549689, -0.6235500899374773, -0.7619926991807761, -0.6808821635300275, -0.6279159889944896, -0.626946541895066, -0.563865087940974, -0.08521682359072252, 0.4787245317291769, 0.3483907790290688, 0.42233644152331423, 0.6516961307758623, 0.5907625356413704, 0.765825598534319, 0.15218007586994164, 0.16815499330379222, 0.1676025600771251, -0.009833110874481694, -0.1830902865721958, -0.2529604657178958, -0.26635585182489974, -0.2597006801971586, -0.2596680129009417, -0.44323916187322554, -0.448759513629148, -0.8777229464458861, -0.4911846717042152, 0.23590611694651475, 0.00023302806160272106, -0.7027096947789724, -0.6153962787968604, -0.5418930563400272, 0.22480271074569677, 0.23496345771676394, 0.7012986412341876, -0.7600415990601272, 0.5961359988953701, -0.6822419215976843, 0.7336736791450305, 0.7345138233429609, -0.6968466172575125, -0.8895802335396388), .Dim = c(17, 3))
D <-
c(14.5, 15.0, 12.3, 13.7, 11.5, 12.5, 6.6, 10.0, 10.0, 13.1, 3.9, 13.8, 4.0, 8.6, 8.3, 13.9, 13.1)
N <- 441
detected <-
structure(c(-0.29953920644551735, -0.8202307407270608, -0.8984733680114991, -0.569807424599148, -0.6205361136909168, -0.8547116747494221, 0.27357530653823176, -0.639273818077787, -0.1861193335935818, -0.6570369787251793, 0.18785953017532162, 0.3529192718835896, -0.7309035287716265, 0.1470098990059548, 0.4798127184402234, -0.5671668419355347, 0.8779423926217784, -0.5929005664851502, 0.4331209550700364, -0.6551443798194667, -0.6619734811600907, 0.18955057554238744, -0.9075511921377898, -0.6818122966777338, 0.3999678222921073, 0.45384271054495745, -0.9441733777312458, -0.5912756434434937, -0.6314280871091659, -0.8014255674653612, -0.6391488508914697, -0.8267261795940584, 0.5289255409895772, -0.8584232587954764, 0.9699918198551913, -0.9762066088786059, 0.4891931831308154, 0.4774937472869156, -0.5337543073588605, -0.6944703444480709, -0.4772383066368005, 0.1994173614864253, 0.38193066567015505, -0.677528583011634, -0.7303384615942234, 0.5830307973584264, -0.22103326982933155, -0.9611352758621817, 0.845808967148845, 0.918651628621082, -0.944992612320975, -0.5569199465619105, -0.7909268256555788, -0.5897051933568712, 0.630496157408877, 0.8830313061108186, -0.9614334433485566, -0.03577080513182359, -0.9636049988338321, 0.76273322617113, -0.6505147963281117, 0.6147483363296005, 0.9810425091173306, -0.704984563156234, -0.8374393718542714, -0.6338715077796838, 0.5494708751192026, -0.29784220471463807, -0.6466041422098516, -0.7021679841251356, -0.5491329377011547, 0.7721057513131915, 0.2935480354968481, 0.43747184031161657, -0.6986645076038952, 0.6003462769609559, -0.8141379669255199, -0.9560426152116552, -0.7837706331734948, -0.6606126663498926, -0.3313567247834153, -0.6906513345383832, -0.5330010230282765, -0.869751045236347, -0.5532230990229239, -0.7204787627183675, 0.9604835833866043, -0.8978681406926817, -0.6286313406123277, 0.492207486152782, -0.39465356472762303, -0.6238757140253383, 0.1067322553729467, -0.6530215840307306, -0.7097015761001849, -0.9015253004325784, -0.5963357902928147, -0.4359772658497538, -0.6184835315047648, -0.6165412130606608, -0.6411250153617087, -0.6137734308714375, -0.6371868742854904, 0.19746523320146156, 0.8256439871185929, -0.6281839545042557, 0.8037878003548538, -0.4937109665739634, -0.4845770991504947, -0.7353077954974537, -0.5411368455830488, 0.8414643567243111, -0.5903876342055121, -0.3568764653240381, 0.6006422305959848, -0.47137123228532163, -0.3303440869652962, -0.7203295792193413, -0.6155040676638811, -0.699502298760494, 0.9885182133474903, -0.6870667149369449, -0.8727087412019179, -0.6218676293561763, -0.711592463149071, 0.1359656057113374, -0.05537181032957058, -0.7502889613926033, 0.9611104157761677, -0.7218851270574086, -0.8858428110928795, 0.04943643743389253, -0.5901641882273505, -0.8843077681484677, 0.8895782486597696, -0.1338052797553606, 0.08841480059620872, -0.7651055276530007, -0.6095004782509091, 0.029632756357206427, 0.04267640251257561, -0.5484738543880876, -0.5750142636635589, 0.4090818050904502, -0.6619187984142328, -0.8197633272932926, 0.3783495821873468, -0.8661425088563461, -0.19553507286038269, -0.43982454682437233, -0.7736576667602363, -0.08476084042196266, -0.6730873218707466, 0.8580348014296774, -0.6292636505299305, 0.8594759894271579, -0.6877950930633467, -0.049941269679110625, -0.799793941632021, -0.8125051125409961, -0.724382327556613, -0.3143076834369596, -0.6967429782840914, -0.74964273544939, -0.8216962560685153, -0.004020355585959208, -0.6359375085130909, 0.7157879017130716, -0.974640305463727, -0.7009596194724494, 0.951758552759249, -0.01090784834339947, -0.8004102536630902, 0.10260380561444407, -0.8386962791816193, -0.14342713854993927, 0.7846011861665956, -0.9112470837203314, -0.5588414426788375, -0.635378102163657, -0.60993604541568, -0.8308630732871285, -0.8859623501006318, 0.6854492135715101, -0.9117260303054497, -0.44566377496909926, -0.4141849792093528, -0.5432422405222221, -0.7249052740431311, -0.7121448114768583, -0.656537427219855, -0.4785016445008229, -0.5890943839605605, 0.8333196999493125, 0.8953391627459606, -0.18712552858827133, -0.4655233691871157, -0.43228266170923596, -0.8343497689303148, 0.7638625815935365, -0.5483061134763779, -0.6816814573699743, -0.6121792024712085, -0.6849408792824678, -0.871343924631232, 0.07774941735072735, -0.6495174945517717, -0.6489784424899234, -0.7821075114229835, -0.6708426286565855, -0.6382868154865547, 0.6996558221168114, -0.626543061144464, -0.5707385533320825, -0.7033921483770281, -0.5364388673565663, -0.21050786511546574, 0.8637422780033481, -0.7957385211270304, 0.5520713866255459, -0.668076350186093, -0.6480259302500577, -0.6764607520262739, -0.5141772950166174, 0.6197758367198695, -0.7134928879188945, -0.49149989881736206, -0.09121176712769692, 0.49720953357980113, -0.588498766136887, 0.1354259556459232, -0.6702044950133819, -0.22640767571762807, -0.6971150353837982, -0.5971702323971751, 0.9032743024782711, 0.7482394962390407, -0.5593048745259732, 0.484255023298362, 0.7777475586976853, -0.5734704826706559, -0.602040380317937, -0.3778004572675967, -0.6210343809727615, 0.4315154498157223, -0.7554548274590509, 0.9939173695910145, -0.543656674213012, -0.5335405379900788, -0.6445604058194428, -0.5519767810495676, -0.0036162724336705407, -0.15424499335401748, 0.18207816482988556, -0.7684116990069947, -0.7298715049985252, 0.8749046758213068, -0.06457611338057018, 0.5022152538033835, -0.8924017663312644, -0.653502263487518, -0.4789203018967463, 0.5704266643027296, -0.532099649060173, -0.9686925713929833, -0.9346899819385166, -0.7084153866121742, -0.5382343215632438, 0.8194728476257188, -0.7484397961352605, -0.5238331097167916, 0.42758575702444473, -0.8236849988362798, 0.18786751349341999, 0.1367018563547986, -0.7237938921386209, -0.6285502360797883, -0.6273979914454285, 0.22891551562622028, 0.36087281658223486, 0.6233642732607326, -0.5145042537190309, 0.14007093743661786, -0.7411359639497419, -0.6771890987072319, -0.659023017531596, 0.27691491124644974, -0.580051468361295, -0.9692902218837097, -0.43765577337484124, 0.506232059704681, 0.6464692834196002, 0.22748236905364272, -0.6817078842785353, -0.6652497061282822, -0.6681212868422414, 0.9563031390696739, 0.6825284325218565, -0.6677189869857713, -0.3942498559912084, -0.9069368008560574, -0.6507131954989305, 0.7671053542937695, 0.4674972250392569, -0.9961806192291123, -0.24849642834181135, 0.24646671262411446, -0.6415706156121227, -0.037845303375702376, -0.6510657784046457, -0.6305277554874625, -0.6310673526785583, -0.6659555949222989, -0.7425851929343255, -0.6360657251317114, -0.9448100392013763, -0.9303962133686069, -0.6383367591588746, -0.7093204756468852, -0.5879907998528945, 0.318777297661069, -0.7096661986207099, -0.663236038439891, 0.1802860208677343, -0.5852347798154562, 